3557 jsx-max-depth
2853 sort-keys
2141 no-magic-numbers
1911 func-style
1184 jsx-no-new-function-as-prop
1172 sort-imports
 553 jsx-no-new-object-as-prop
 387 jsx-no-new-array-as-prop
 282 complexity
 144 4
 137 no-nested-ternary
  91 < 2
  73 exhaustive-deps
  64 no-void
  58 first
  37 eqeqeq
  30 5
  29 prefer-exponentiation-operator
  29 filename-case
  27 16
  22 no-alert
  21 17
  21 
  18 22
  18 19
  18 18
  16 6
  16 21
  15 62
  14 71
  14 23
  13 no-script-url
  12 59
  12 57
  12 …
  11 56
  11 53
  10 68
  10 67
  10 58
  10 52
  10 20
  10 113
   9 75
   8 74
   8 54
   8 51
   8 28
   7 73
   7 69
   7 55
   7 111
   6 no-duplicates
   6 90
   6 61
   6 27
   6 25
   6 130
   6 126
   6 121
   6 109
   5 80
   5 77
   5 65
   5 31
   5 26
   5 24
   5 140
   5 131
   4 96
   4 84
   4 82
   4 81
   4 76
   4 66
   4 63
   4 60
   4 34
   4 153
   4 145
   4 143
   4 141
   4 137
   4 129
   4 125
   4 124
   4 122
   4 116
   4 114
   4 112
   4 106
   4 104
   4 100
   3 97
   3 93
   3 88
   3 83
   3 79
   3 78
   3 72
   3 36
   3 35
   3 30
   3 238
   3 218
   3 192
   3 180
   3 174
   3 171
   3 157
   3 156
   3 155
   3 150
   3 139
   3 138
   3 127
   3 117
   3 102
   2 jsx-no-useless-fragment
   2 99
   2 98
   2 94
   2 91
   2 85
   2 70
   2 50
   2 47
   2 45
   2 44
   2 405
   2 393
   2 32
   2 313
   2 293
   2 292
   2 29
   2 269
   2 267
   2 264
   2 241
   2 237
   2 233
   2 232
   2 217
   2 216
   2 204
   2 203
   2 198
   2 191
   2 187
   2 178
   2 169
   2 165
   2 163
   2 154
   2 151
   2 148
   2 142
   2 133
   2 120
   2 118
   2 107
   2 105
   2   x Identifier `error` has already been declared
   1 95
   1 92
   1 892
   1 89
   1 874
   1 870
   1 87
   1 86
   1 827
   1 825
   1 779
   1 743
   1 731
   1 657
   1 641
   1 64
   1 630
   1 619
   1 610
   1 601
   1 578
   1 564
   1 555
   1 554
   1 543
   1 541
   1 534
   1 533
   1 528
   1 524
   1 514
   1 482
   1 477
   1 475
   1 462
   1 461
   1 46
   1 456
   1 449
   1 441
   1 43
   1 427
   1 426
   1 42
   1 419
   1 418
   1 414
   1 412
   1 410
   1 409
   1 408
   1 407
   1 40
   1 399
   1 398
   1 392
   1 391
   1 39
   1 389
   1 378
   1 377
   1 373
   1 372
   1 369
   1 366
   1 365
   1 361
   1 360
   1 355
   1 352
   1 349
   1 346
   1 342
   1 340
   1 338
   1 336
   1 335
   1 331
   1 330
   1 33
   1 322
   1 321
   1 319
   1 317
   1 311
   1 301
   1 298
   1 290
   1 286
   1 283
   1 281
   1 277
   1 276
   1 275
   1 268
   1 262
   1 261
   1 260
   1 259
   1 256
   1 254
   1 249
   1 247
   1 246
   1 242
   1 240
   1 231
   1 230
   1 228
   1 226
   1 225
   1 223
   1 222
   1 221
   1 220
   1 219
   1 211
   1 207
   1 206
   1 205
   1 202
   1 201
   1 197
   1 190
   1 188
   1 186
   1 185
   1 182
   1 181
   1 179
   1 177
   1 176
   1 175
   1 172
   1 170
   1 168
   1 167
   1 166
   1 162
   1 161
   1 159
   1 158
   1 152
   1 149
   1 146
   1 144
   1 136
   1 135
   1 132
   1 119
   1 1172
   1 115
   1 110
   1 1088
   1 108
   1 103
   1 10
